Mean metrics for mltsmall:
mean_validation_accuracy: 0.8160493827160493
mean_validation_f1: 0.8214356040203844
mean_validation_precision: 0.0
mean_validation_recall: 0.0
mean_validation_loss: 0.5160918501290409
mean_test_accuracy: 0.7777777777777778
mean_test_f1: 0.773948332647791
mean_test_precision: 0.0
mean_test_recall: 0.0
mean_test_loss: 0.5275504334406419
mean_test_avg_f1: 0.7769089462332268
