Mean metrics for ElmoBilstm:
mean_validation_accuracy: 0.8271604938271604
mean_validation_f1: 0.8250221234052809
mean_validation_precision: 0.0
mean_validation_recall: 0.0
mean_validation_loss: 0.46897692477161235
mean_test_accuracy: 0.7950617283950617
mean_test_f1: 0.7914854557013701
mean_test_precision: 0.0
mean_test_recall: 0.0
mean_test_loss: 0.49901028519326995
mean_test_avg_f1: 0.7945955372971083
