Mean metrics for TransferNewLarge:
mean_validation_accuracy: 0.8604938271604938
mean_validation_f1: 0.859552610533693
mean_validation_precision: 0.0
mean_validation_recall: 0.0
mean_validation_loss: 0.4361757911064408
mean_test_accuracy: 0.830864197530864
mean_test_f1: 0.82579252975556
mean_test_precision: 0.0
mean_test_recall: 0.0
mean_test_loss: 0.5451541185379029
mean_test_avg_f1: 0.8305274250533324
