Mean metrics for TransferSNT02lin:
mean_validation_accuracy: 0.9
mean_validation_f1: 0.8981048475369118
mean_validation_precision: 0.0
mean_validation_recall: 0.0
mean_validation_loss: 0.3538874859159643
mean_test_accuracy: 0.7876543209876543
mean_test_f1: 0.7828052335372113
mean_test_precision: 0.0
mean_test_recall: 0.0
mean_test_loss: 0.47731115790930667
mean_test_avg_f1: 0.7875335961819581
