Mean metrics for Transfer3e-4:
mean_validation_accuracy: 0.8679012345679012
mean_validation_f1: 0.870755739663555
mean_validation_precision: 0.0
mean_validation_recall: 0.0
mean_validation_loss: 0.42567762312563984
mean_test_accuracy: 0.8530864197530865
mean_test_f1: 0.8549350316542957
mean_test_precision: 0.0
mean_test_recall: 0.0
mean_test_loss: 0.4386891153048385
mean_test_avg_f1: 0.8529572672220326
