Mean metrics for NewLargeBilstm:
mean_validation_accuracy: 0.8481481481481481
mean_validation_f1: 0.8504567995776142
mean_validation_precision: 0.0
mean_validation_recall: 0.0
mean_validation_loss: 0.3834708492864262
mean_test_accuracy: 0.8320987654320989
mean_test_f1: 0.8296860341761535
mean_test_precision: 0.0
mean_test_recall: 0.0
mean_test_loss: 0.396459484371272
mean_test_avg_f1: 0.8316462141750407
