Mean metrics for 6e5:
mean_validation_accuracy: 0.8777777777777777
mean_validation_f1: 0.8764282321327913
mean_validation_precision: 0.0
mean_validation_recall: 0.0
mean_validation_loss: 0.4569012281569568
mean_test_accuracy: 0.8481481481481481
mean_test_f1: 0.8487199472528394
mean_test_precision: 0.0
mean_test_recall: 0.0
mean_test_loss: 0.4452004380524158
mean_test_avg_f1: 0.8481329498042889
