Mean metrics for NewLarge:
mean_validation_accuracy: 0.8506172839506172
mean_validation_f1: 0.8516847238330192
mean_validation_precision: 0.0
mean_validation_recall: 0.0
mean_validation_loss: 0.40553893128579316
mean_test_accuracy: 0.8271604938271604
mean_test_f1: 0.822760315007281
mean_test_precision: 0.0
mean_test_recall: 0.0
mean_test_loss: 0.4768928435715762
mean_test_avg_f1: 0.8267550165528125
