Mean metrics for emo:
mean_validation_accuracy: 0.8444444444444443
mean_validation_f1: 0.842722583144551
mean_validation_precision: 0.0
mean_validation_recall: 0.0
mean_validation_loss: 0.429951334270564
mean_test_accuracy: 0.8209876543209876
mean_test_f1: 0.8163021183526913
mean_test_precision: 0.0
mean_test_recall: 0.0
mean_test_loss: 0.43609843294728884
mean_test_avg_f1: 0.820479994272735
