Mean metrics for TransferNewBaseBilstm:
mean_validation_accuracy: 0.8246913580246913
mean_validation_f1: 0.8256719032190232
mean_validation_precision: 0.0
mean_validation_recall: 0.0
mean_validation_loss: 0.5082486282695424
mean_test_accuracy: 0.7975308641975308
mean_test_f1: 0.8004481232772471
mean_test_precision: 0.0
mean_test_recall: 0.0
mean_test_loss: 0.4945989706299521
mean_test_avg_f1: 0.7968961493460984
