Mean metrics for 2e4:
mean_validation_accuracy: 0.8444444444444444
mean_validation_f1: 0.8479735284161898
mean_validation_precision: 0.0
mean_validation_recall: 0.0
mean_validation_loss: 0.5763979197903113
mean_test_accuracy: 0.8469135802469137
mean_test_f1: 0.8492532135854199
mean_test_precision: 0.0
mean_test_recall: 0.0
mean_test_loss: 0.4663570242849263
mean_test_avg_f1: 0.8465882880847928
