Mean metrics for Transfer5e-5:
mean_validation_accuracy: 0.8679012345679012
mean_validation_f1: 0.8626057761349258
mean_validation_precision: 0.0
mean_validation_recall: 0.0
mean_validation_loss: 0.32634713988412506
mean_test_accuracy: 0.8234567901234568
mean_test_f1: 0.8246082445943964
mean_test_precision: 0.0
mean_test_recall: 0.0
mean_test_loss: 0.3551779492334886
mean_test_avg_f1: 0.8233954534698444
