Mean metrics for FastElmoBilstm:
mean_validation_accuracy: 0.8419753086419753
mean_validation_f1: 0.8456856620867766
mean_validation_precision: 0.0
mean_validation_recall: 0.0
mean_validation_loss: 0.3865306558934125
mean_test_accuracy: 0.8
mean_test_f1: 0.8074241456996539
mean_test_precision: 0.0
mean_test_recall: 0.0
mean_test_loss: 0.4367889222773639
mean_test_avg_f1: 0.7995264188413632
