Mean metrics for TransferSNTMNTNewBFF:
mean_validation_accuracy: 0.8555555555555555
mean_validation_f1: 0.8512925169928135
mean_validation_precision: 0.0
mean_validation_recall: 0.0
mean_validation_loss: 0.41795411922714926
mean_test_accuracy: 0.7999999999999999
mean_test_f1: 0.7885162184551113
mean_test_precision: 0.0
mean_test_recall: 0.0
mean_test_loss: 0.4801460417834195
mean_test_avg_f1: 0.7993620994384009
