Mean metrics for MLTNewB:
mean_validation_accuracy: 0.8864197530864197
mean_validation_f1: 0.8867513608240214
mean_validation_precision: 0.0
mean_validation_recall: 0.0
mean_validation_loss: 0.34650277278640057
mean_test_accuracy: 0.8
mean_test_f1: 0.7938059234414755
mean_test_precision: 0.0
mean_test_recall: 0.0
mean_test_loss: 0.5375076656991785
mean_test_avg_f1: 0.7997322635314079
