Mean metrics for ElmoBilstm:
mean_validation_accuracy: 0.8222222222222222
mean_validation_f1: 0.8296659361080441
mean_validation_precision: 0.0
mean_validation_recall: 0.0
mean_validation_loss: 0.41469851095568055
mean_test_accuracy: 0.8160493827160493
mean_test_f1: 0.8221434642177841
mean_test_precision: 0.7969877856579984
mean_test_recall: 0.8518518518518519
mean_test_loss: 0.4396049353209409
mean_test_avg_f1: 0.8154568539584599
