Mean metrics for FastBilstm:
mean_validation_accuracy: 0.8358024691358026
mean_validation_f1: 0.8434188222106881
mean_validation_precision: 0.0
mean_validation_recall: 0.0
mean_validation_loss: 0.3957222895188765
mean_test_accuracy: 0.7876543209876543
mean_test_f1: 0.799127991429489
mean_test_precision: 0.7576821872751568
mean_test_recall: 0.8469135802469137
mean_test_loss: 0.4843700597232039
mean_test_avg_f1: 0.78670783172224
