Mean metrics for TransferSNTMNTNewB:
mean_validation_accuracy: 0.8469135802469137
mean_validation_f1: 0.8450496358014281
mean_validation_precision: 0.0
mean_validation_recall: 0.0
mean_validation_loss: 0.43767010867595674
mean_test_accuracy: 0.8037037037037036
mean_test_f1: 0.7998837395848766
mean_test_precision: 0.0
mean_test_recall: 0.0
mean_test_loss: 0.4929347309199247
mean_test_avg_f1: 0.803247346003457
