Mean metrics for TransfEMO:
mean_validation_accuracy: 0.8123456790123458
mean_validation_f1: 0.8090562503134681
mean_validation_precision: 0.0
mean_validation_recall: 0.0
mean_validation_loss: 0.6507623103531925
mean_test_accuracy: 0.837037037037037
mean_test_f1: 0.8349481216248232
mean_test_precision: 0.0
mean_test_recall: 0.0
mean_test_loss: 0.5367032949220051
mean_test_avg_f1: 0.8366130428373839
