Mean metrics for TransferSNTMNTNewLFF:
mean_validation_accuracy: 0.8481481481481481
mean_validation_f1: 0.8500015873692337
mean_validation_precision: 0.0
mean_validation_recall: 0.0
mean_validation_loss: 0.4017609693787314
mean_test_accuracy: 0.8271604938271606
mean_test_f1: 0.8223887767697828
mean_test_precision: 0.0
mean_test_recall: 0.0
mean_test_loss: 0.4347665192051367
mean_test_avg_f1: 0.8268795114109195
