Mean metrics for TransferNewLargeBilstm:
mean_validation_accuracy: 0.8666666666666666
mean_validation_f1: 0.8668222339983807
mean_validation_precision: 0.0
mean_validation_recall: 0.0
mean_validation_loss: 0.3806586479598826
mean_test_accuracy: 0.825925925925926
mean_test_f1: 0.8217041972190217
mean_test_precision: 0.0
mean_test_recall: 0.0
mean_test_loss: 0.41220358704978766
mean_test_avg_f1: 0.8254265759185355
