Mean metrics for TransferLU:
mean_validation_accuracy: 0.8111111111111111
mean_validation_f1: 0.813188818559704
mean_validation_precision: 0.0
mean_validation_recall: 0.0
mean_validation_loss: 0.49834327914498067
mean_test_accuracy: 0.7765432098765432
mean_test_f1: 0.771279282624733
mean_test_precision: 0.0
mean_test_recall: 0.0
mean_test_loss: 0.4802033646540208
mean_test_avg_f1: 0.7757836697811031
