Mean metrics for FastBilstmx:
mean_validation_accuracy: 0.8481481481481483
mean_validation_f1: 0.8497084325225226
mean_validation_precision: 0.0
mean_validation_recall: 0.0
mean_validation_loss: 0.37316195070743563
mean_test_accuracy: 0.8049382716049382
mean_test_f1: 0.8122550433851783
mean_test_precision: 0.0
mean_test_recall: 0.0
mean_test_loss: 0.44293859492648735
mean_test_avg_f1: 0.8045671361112057
