Mean metrics for mltlinearB:
mean_validation_accuracy: 0.8234567901234568
mean_validation_f1: 0.8271340219569694
mean_validation_precision: 0.0
mean_validation_recall: 0.0
mean_validation_loss: 0.4307083487510681
mean_test_accuracy: 0.7839506172839507
mean_test_f1: 0.7795932836354125
mean_test_precision: 0.0
mean_test_recall: 0.0
mean_test_loss: 0.4632946423508904
mean_test_avg_f1: 0.7836713174593375
