Mean metrics for MLTNewL:
mean_validation_accuracy: 0.8395061728395061
mean_validation_f1: 0.8389147723698853
mean_validation_precision: 0.0
mean_validation_recall: 0.0
mean_validation_loss: 0.45234428806738425
mean_test_accuracy: 0.8086419753086421
mean_test_f1: 0.8073770998289982
mean_test_precision: 0.0
mean_test_recall: 0.0
mean_test_loss: 0.47231767990372403
mean_test_avg_f1: 0.8083633338895527
