Mean metrics for NewBaseBilstm:
mean_validation_accuracy: 0.8432098765432098
mean_validation_f1: 0.8447933671043166
mean_validation_precision: 0.0
mean_validation_recall: 0.0
mean_validation_loss: 0.43880638805302696
mean_test_accuracy: 0.7864197530864198
mean_test_f1: 0.7778008172965659
mean_test_precision: 0.0
mean_test_recall: 0.0
mean_test_loss: 0.47158079933036456
mean_test_avg_f1: 0.7851492789962784
